%YAML:1.0
---
camera_matrix: !!opencv-matrix
   rows: 3
   cols: 3
   dt: d
   data: [ 7.2240487260277416e+02, 0., 6.3496078934898219e+02, 0.,
       7.2230568706871031e+02, 3.4936049342943926e+02, 0., 0., 1. ]
dist_coeff: !!opencv-matrix
   rows: 1
   cols: 5
   dt: d
   data: [ 7.7097676230914736e-02, 4.8196375328778782e-02,
       8.0330707633330888e-04, -1.4918765997436272e-03,
       -2.7664470153055254e-01 ]
