%YAML:1.0
---
camera_matrix: !!opencv-matrix
   rows: 3
   cols: 3
   dt: d
   data: [ 6.4346936256272238e+02, 0., 6.6583505195362977e+02, 0.,
       6.4345319508148737e+02, 3.6099626015174778e+02, 0., 0., 1. ]
dist_coeff: !!opencv-matrix
   rows: 1
   cols: 5
   dt: d
   data: [ 1.8656402242605435e-01, -2.6008253124026914e-01,
       -1.2985113845739474e-03, 1.9916046426989411e-04,
       1.2370784740839716e-01 ]
